hath come 1660 2 2 2 3 0.9999999999999996	0.4999999999999999
home meditating 1660 1 1 1 3 1.0	0.5000000000000001
frequently signifies 1730 1 1 1 2 1.0	0.5
generally appeared 1730 1 1 1 2 1.0	0.5
123 Cattle 1740 1 1 1 2 1.0	0.5
far Sir 1740 1 1 1 2 1.0	0.5
September 1719 1750 1 1 1 4 1.0	0.5000000000000001
fmall iflands 1750 3 3 3 4 0.9999999999999997	0.49999999999999994
Francis D 1760 3 3 3 4 0.9999999999999997	0.49999999999999994
dangerous rock 1760 1 1 1 4 1.0	0.5000000000000001
700 Ibs 1770 1 1 1 2 1.0	0.5
Field Piece 1770 1 1 1 2 1.0	0.5
duly administered 1780 1 1 1 6 1.0	0.24889350901045076
forcible expiration 1780 1 1 1 6 1.0	0.24889350901045076
generally greatly 1780 1 1 1 6 1.0	0.24889350901045076
