0008 per	1973	1	1	1
015 in	1946	1	1	1
029 per	2005	5	5	5
1 88	1872	2	2	2
1 if	1985	6	6	5
100 150	1864	3	2	2
100 I	1921	1	1	1
100 by	1985	2	2	1
198 a	1960	1	1	1
10 share	1948	1	1	1
1032 per	1919	5	5	5
100 paid	1869	2	2	2
1000 B	1961	1	1	1
1000 in	1844	9	8	7
1000 in	1994	387	362	260
10000 Income	1968	5	5	4
10000 jurisdictional	1988	1	1	1
100000 each	1884	2	2	2
100000 under	1937	1	1	1
100000 upon	2005	2	2	1
1000000 1000000	1992	7	4	4
10000000 per	1934	2	2	2
100000000 to	1900	8	8	7
1000000000 is	1971	1	1	1
1185 per	1964	4	4	4
110 million	1973	52	50	45
1100 each	1999	2	2	2
114 million	2004	37	35	31
12000 over	1915	1	1	1
12000000 per	1892	1	1	1
135000 from	1964	5	5	5
1400 the	1950	1	1	1
14000 Less	1979	1	1	1
14000000 in	1974	15	15	15
145 to	1986	6	6	6
147000 in	1985	2	2	2
150 annually	1839	3	3	3
150 annually	1838	3	3	3
150 before	1986	1	1	1
150000 was	1917	1	1	1
15000 and	1947	32	32	29
15000 through	1987	1	1	1
155000 to	1987	2	2	2
1575 a	1984	1	1	1
16000 with	1953	1	1	1
16400 in	1987	1	1	1
168 to	1983	3	3	3
1750 for	1954	10	10	9
180 interest	1962	1	1	1
182 per	1957	1	1	1
2 In	1959	6	6	6
2 were	1972	3	3	3
200 while	1969	1	1	1
290 an	1965	1	1	1
20 D	2001	10	7	7
206 million	1999	13	13	12
200 I	1964	3	3	3
200 that	1970	2	2	2
2000 Accounts	1984	2	2	2
2000000000 to	1910	3	3	3
2100 in	1964	20	20	20
215 billion	1996	7	7	7
2200 in	1910	2	2	2
235 per	1967	2	2	2
240 from	1997	2	2	2
250 2	2003	2	2	2
25000 a	1995	3	3	3
250000 gift	2009	1	1	1
25000000 more	1964	1	1	1
262000 in	1996	1	1	1
2750 per	1838	1	1	1
3 PER	1987	2	2	2
300 000	1894	1	1	1
300 additional	1993	1	1	1
30000 of	1994	1	1	1
30000 5000	2004	1	1	1
300000000 in	1891	6	6	6
30500 in	1947	2	2	2
326 billion	1984	1	1	1
329 per	1999	1	1	1
33750 for	2006	3	3	3
35000 in	1906	4	4	4
3600000 to	1947	1	1	1
375 for	1855	1	1	1
375000 is	1950	3	3	3
3950 for	1971	1	1	1
395 billion	1995	1	1	1
437 per	1979	1	1	1
470 per	1976	2	2	2
40 00	1836	1	1	1
40000 of	1948	1	1	1
400 up	1925	1	1	1
4000 against	1955	2	2	2
40000 loss	1971	4	4	4
400000 is	1998	13	13	13
40000000000 and	1951	2	2	2
450 during	1951	1	1	1
476 million	1968	2	2	2
5 an	1887	2	2	2
5 being	1932	2	2	2
500 One	1894	1	1	1
