40 00 183	1 1 1
150 annually 183	6 6 6
100 150 186	3 5 3
100 paid 186	2 5 2
1 88 187	2 2 2
300 000 189	1 1 1
10 share 194	1 1 1
1000 B 196	1 1 1
10000 Income 196	5 5 5
476 million 196	2 2 2
40000 loss 197	4 4 4
110 million 197	52 52 52
2000 Accounts 198	2 2 2
326 billion 198	1 1 1
10000 jurisdictional 198	1 1 1
1000000 1000000 199	7 7 7
300 additional 199	1 1 1
215 billion 199	7 7 8
395 billion 199	1 1 8
206 million 199	13 13 13
250 2 200	2 2 2
30000 5000 200	1 1 1
20 D 200	10 10 10
250000 gift 200	1 1 1
114 million 200	37 37 37
