1830      40 00          	1.0
1830      150 annually   	0.9999999999999986
1860      100 paid       	-1.2116493008221723E-16
1960      1000 B         	1.0
1960      476 million    	1.0
1960      10000 Income   	0.999999999999999
1970      40000 loss     	1.0
1970      110 million    	1.0
1980      326 billion    	1.0
1980      10000 jurisdictional	1.0
1980      2000 Accounts  	0.9999999999999997
1990      300 additional 	1.0
1990      206 million    	1.0
1990      1000000 1000000	0.9999999999999997
1990      215 billion    	0.9060554820440815
2000      114 million    	1.0
2000      30000 5000     	1.0
2000      250000 gift    	1.0
2000      250 2          	0.9999999999999999
2000      20 D           	0.9999999999999998