40 00 183 0.9999999999999999	
150 annually 183 0.999999999999998	
100 paid 186 -1.2116493008221723E-16	
1000 B 196 1.0	
476 million 196 0.9999999999999999	
10000 Income 196 0.9999999999999988	
110 million 197 1.0000000000000036	
40000 loss 197 1.0	
10000 jurisdictional 198 1.0	
326 billion 198 1.0	
2000 Accounts 198 0.9999999999999997	
206 million 199 1.0000000000000002	
300 additional 199 1.0	
1000000 1000000 199 0.9999999999999999	
215 billion 199 0.9060554820440816	
114 million 200 1.0	
250000 gift 200 1.0	
30000 5000 200 1.0	
250 2 200 0.9999999999999999	
20 D 200 0.9999999999999996 